# Векторная и матричная математика

NumPy обеспечивает много функций для работы с векторами и матрицами. Функция dot возвращает скалярное произведение векторов:

```python
a = np.array([1, 2, 3], float)
b = np.array([0, 1, 1], float)
>>> np.dot(a, b)
5.0
```

Функция dot также может умножать матрицы:

```python
a = np.array([[0, 1], [2, 3]], float)
b = np.array([2, 3], float)
c = np.array([[1, 1], [4, 0]], float)
>>> np.dot(b, a)
array([6., 11.])
>>> np.dot(a, b) # тут просиходит неявное транспонирование
array([3. , 13.])
>>> np.dot(a, c)
array([[4., 0.]
	   [14., 2.]])
>>> np.dot(c, a)
array([[2., 4.]
	   [0., 4.]])
```

также вместо np.dot можно использовать `@` :

```python
a = np.array([[0, 1], [2, 3]], float)
b = np.array([2, 3], float)
c = np.array([[1, 1], [4, 0]], float)
>>> b @ a
array([6., 11.])
>>> a @ b # тут просиходит неявное транспонирование
array([3. , 13.])
>>> a @ c
array([[4., 0.]
	   [14., 2.]])
>>> c @ a
array([[2., 4.]
	   [0., 4.]])
```

Также можно получить скалярное, векторное и внешнее произведение матриц и векторов. Заметим, что для векторов внутреннее и скалярное произведение совпадает.

```python
a = np.array([1, 4, 0], float)
b = np.array([2, 2, 1], float)
>>> np.outer(a, b)
array([[2., 2., 1.],
	   [8., 8., 4.]
	   [0., 0., 0.]])
	   	   
>>> np.inner(a, b)
10.0
>>>np.cross(a, b) # векторное(тензорное) произведение, может быть представленно в виде определителя с верней строкой направляющих элементов
array([4., -1., -6.])
```

NumPy также предоставляет набор встроенных функций и методов для работы с линейной алгеброй. Это всё можно найти в под-модуле linalg. Этими модулями также можно оперировать с вырожденными и невырожденными матрицами. Определитель матрицы ищется таким образом:

```python
>>> a = np.array([[4, 2, 0], [9, 3, 7], [1, 2, 1]], float)
>>> np.linalg.det(a)
-48.
```

Также можно найти собственные вектора и собственные значения матрицы:

```python
>>> vals, vecs = np.linalg.eig(a)
>>> vals
array([ 9.,  2.44948974, -2.44948974])
>>> vecs
array([[-0.3538921 , -0.56786837,  0.27843404],
       [-0.88473024,  0.44024287, -0.89787873],
       [-0.30333608,  0.69549388,  0.34101066]])
```

Обратная матрица для невырожденной матрицы может быть найдена так:

```python
a = np.array([[4, 3, 10], [9, 3, 7], [1, 2, 1]], float)
b = np.linalg.inv(a)
>>> b
array([[-0.11,  0.17, -0.09],
       [-0.02, -0.06,  0.62],
       [ 0.15, -0.05, -0.15]])
>>> a @ b
array([[ 1.00000000e+00,  2.77555756e-17,  4.16333634e-17],
       [-1.11022302e-16,  1.00000000e+00, -5.55111512e-16],
       [ 2.77555756e-17,  0.00000000e+00,  1.00000000e+00]]) # тут диагональная матрица, помимо диагонали погрешности
```

Одиночное разложение (аналог диагонализации не квадратной матрицы) может быть достигнут так:

```python
a = np.array([[1, 3, 4], [5, 2, 3]], float)
U, s, Vh = np.linalg.svd(a)
>>> U
array([[-0.6113829 , -0.79133492],
       [-0.79133492,  0.6113829 ]])
>>> s
array([7.46791327, 2.86884495])
>>> Vh
array([[-0.61169129, -0.45753324, -0.64536587],
       [ 0.78971838, -0.40129005, -0.46401635],
       [-0.046676  , -0.79349205,  0.60678804]])
```

# Источники

NumPy в Python. Часть 3 https://habr.com/ru/articles/413381/